1
9
10
18
19
27
28
36
37
45
46
54
55
63
64
72
73
81
82
90
91
99
100
108
109
117
118
126
127
135
136
144
145
153
154
162
163
171
172
180
181
189
190
198
199
207
208
216
217
225
226
234
235
243
244
252
253
261
262
270
271
279
280
288
289
297
298
306
307
315
316
324
325
333
334
342
343
351
352
360
361
369
370
378
379
387
388
396
397
405
406
414
415
423
424
432
433
441
442
450
451
459
460
468
469
477
478
486
487
495
496
504
505
513
514
522
523
531
532
540
541
549
550
558
559
567
568
576
577
585
586
594
595
603
604
612
613
621
622
630
631
639
640
648
649
657
658
666
667
675
676
684
685
693
694
702
703
711
712
720
721
729
730
738
739
747
748
756
757
765
766
774
775
783
784
792
793
801
802
810
811
819
820
828
829
837
838
846
847
855
856
864
865
873
874
882
883
891
892
900
