1
18
17
35
34
52
51
69
68
86
85
103
102
120
119
137
136
154
153
171
170
188
187
205
204
222
221
239
238
256
255
273
272
290
289
307
306
324
323
341
340
358
357
375
374
392
391
409
408
426
425
443
442
460
459
477
476
494
493
511
510
528
527
545
544
562
561
579
578
596
595
613
612
630
629
647
646
664
663
681
680
698
697
715
714
732
731
749
748
766
765
783
782
800
799
817
816
834
833
851
850
868
867
885
884
902
901
919
918
936
935
953
952
970
969
987
986
1004
1003
1021
1020
1038
1037
1055
1054
1072
1071
1089
1088
1106
1105
1123
1122
1140
1139
1157
1156
1174
1173
1191
1190
1208
1207
1225
1224
1242
1241
1259
1258
1276
1275
1293
1292
1310
1309
1327
1326
1344
1343
1361
1360
1378
1377
1395
1394
1412
1411
1429
1428
1446
1445
1463
1462
1480
1479
1497
1496
1514
1513
1531
1530
1548
1547
1565
1564
1582
1581
1599
1598
1616
1615
1633
1632
1650
1649
1667
1666
1684
1683
1700
