1
10
9
19
18
28
27
37
36
46
45
55
54
64
63
73
72
82
81
91
90
100
99
109
108
118
117
127
126
136
135
145
144
154
153
163
162
172
171
181
180
190
189
199
198
208
207
217
216
226
225
235
234
244
243
253
252
262
261
271
270
280
279
289
288
298
297
307
306
316
315
325
324
334
333
343
342
352
351
361
360
370
369
379
378
388
387
397
396
406
405
415
414
424
423
433
432
442
441
451
450
460
459
469
468
478
477
487
486
496
495
505
504
514
513
523
522
532
531
541
540
550
549
559
558
568
567
577
576
586
585
595
594
604
603
613
612
622
621
631
630
640
639
649
648
658
657
667
666
676
675
685
684
694
693
703
702
712
711
721
720
730
729
739
738
748
747
757
756
766
765
775
774
784
783
793
792
802
801
811
810
820
819
829
828
838
837
847
846
856
855
865
864
874
873
883
882
892
891
900
