1
5
4
9
8
13
12
17
16
21
20
25
24
29
28
33
32
37
36
41
40
45
44
49
48
53
52
57
56
61
60
65
64
69
68
73
72
77
76
81
80
85
84
89
88
93
92
97
96
101
100
105
104
109
108
113
112
117
116
121
120
125
124
129
128
133
132
137
136
141
140
145
144
149
148
153
152
157
156
161
160
165
164
169
168
173
172
177
176
181
180
185
184
189
188
193
192
197
196
201
200
205
204
209
208
213
212
217
216
221
220
225
224
229
228
233
232
237
236
241
240
245
244
249
248
253
252
257
256
261
260
265
264
269
268
273
272
277
276
281
280
285
284
289
288
293
292
297
296
301
300
305
304
309
308
313
312
317
316
321
320
325
324
329
328
333
332
337
336
341
340
345
344
349
348
353
352
357
356
361
360
365
364
369
368
373
372
377
376
381
380
385
384
389
388
393
392
397
396
400
